**** Calibrating ****
D = [-0.3274493403957699, 0.0826328081569166, 0.001002089215118404, 0.00263257842447227, 0.0]
K = [362.75082954253867, 0.0, 316.7207500000546, 0.0, 362.7834715795724, 216.9389784060939, 0.0, 0.0, 1.0]
R = [1.0, 0.0, 0.0, 0.0, 1.0, 0.0, 0.0, 0.0, 1.0]
P = [257.5917053222656, 0.0, 320.50843316341343, 0.0, 0.0, 296.1172790527344, 206.20586752706913, 0.0, 0.0, 0.0, 1.0, 0.0]
None
# oST version 5.0 parameters

[image]

width
640

height
480

[narrow_stereo]

camera matrix
362.750830 0.000000 316.720750
0.000000 362.783472 216.938978
0.000000 0.000000 1.000000

distortion
-0.327449 0.082633 0.001002 0.002633 0.000000

rectification
1.000000 0.000000 0.000000
0.000000 1.000000 0.000000
0.000000 0.000000 1.000000

projection
257.591705 0.000000 320.508433 0.000000
0.000000 296.117279 206.205868 0.000000
0.000000 0.000000 1.000000 0.000000

